db1 [[ 0.00818103]
 [ 0.        ]
 [ 0.00583974]
 [-0.00144935]]
dw2 [[0.0168973  0.         0.01266136 0.02842119]
 [0.         0.         0.         0.        ]]
da2 [[ 0.01226105  0.01228205  0.        ]
 [-0.04510112 -0.04517837  0.        ]
 [ 0.00875212  0.00876711  0.        ]
 [-0.00217217 -0.00217589  0.        ]]
db2 [[0.035734]
 [0.      ]]
da3 [[ 0.05355514  0.05364686 -0.05322176]
 [ 0.34351457  0.34410292 -0.34137619]]
dw3 [[-0.04495263  0.        ]]
da1 [[ 0.00983034  0.00984717  0.        ]
 [ 0.00819805  0.00821209  0.        ]
 [-0.00130599 -0.00130823  0.        ]
 [ 0.00220599  0.00220977  0.        ]
 [-0.00664818 -0.00665957  0.        ]
 [-0.00440924 -0.00441679  0.        ]
 [-0.0079324  -0.00794599  0.        ]
 [ 0.00289913  0.0029041   0.        ]
 [ 0.00236088  0.00236493  0.        ]
 [-0.00909812 -0.0091137   0.        ]]
dw1 [[ 0.00501908  0.00655908  0.00818103  0.00459784  0.00188965  0.00194329
   0.0007651   0.00414618  0.00368892  0.00411409]
 [ 0.          0.          0.          0.          0.          0.
   0.          0.          0.          0.        ]
 [ 0.0035827   0.00468197  0.00583974  0.00328201  0.00134886  0.00138715
   0.00054614  0.0029596   0.0026332   0.0029367 ]
 [-0.00088918 -0.00116201 -0.00144935 -0.00081455 -0.00033477 -0.00034427
  -0.00013554 -0.00073454 -0.00065353 -0.00072885]]
db3 [[-0.16904191]]

