layer: 1
z: ((array([[0.56477862, 0.66214273, 0.74363167],
       [0.9774115 , 0.62637277, 0.46724644],
       [1.        , 1.        , 0.39348605],
       [0.58321108, 0.5408492 , 0.39465971],
       [0.46235497, 0.        , 0.        ],
       [0.13900427, 0.33589887, 0.63912321],
       [0.        , 0.18688169, 1.        ],
       [0.27429948, 0.7389105 , 0.09408036],
       [0.14620294, 0.75509812, 0.17988161],
       [0.51612378, 0.48966099, 0.44920676]]), array([[ 0.30005046,  0.49990885, -0.11642587,  0.11876397, -0.37730976,
        -0.12935357, -0.14127206,  0.48200753,  0.1021415 , -0.44063713],
       [-0.68884977, -0.33010903,  0.05461055,  0.10252065,  0.2358615 ,
        -0.58077861,  0.17849927,  0.00806402,  0.14963684,  0.20845437],
       [ 0.74020898,  0.33867525,  0.03048957,  0.13253172, -0.30137385,
        -0.33136578, -0.59314108, -0.43221446,  0.20121734, -0.28673025],
       [ 0.15053788,  0.41225389,  0.06690969,  0.18880209, -0.28344607,
        -0.03541366,  0.46452002, -0.35540786,  0.30041808,  0.54597245]]), array([[0.],
       [0.],
       [0.],
       [0.]])), array([[ 0.33821009,  0.60728663,  0.09960576],
       [-0.43729967, -0.49353299, -0.67591865],
       [ 0.43433395,  0.27444802, -0.1652036 ],
       [ 0.75723126,  0.83341215,  1.11315314]]))
a: [[0.33821009 0.60728663 0.09960576]
 [0.         0.         0.        ]
 [0.43433395 0.27444802 0.        ]
 [0.75723126 0.83341215 1.11315314]]
----------------------------------------
layer: 2
z: ((array([[0.33821009, 0.60728663, 0.09960576],
       [0.        , 0.        , 0.        ],
       [0.43433395, 0.27444802, 0.        ],
       [0.75723126, 0.83341215, 1.11315314]]), array([[ 0.22894254, -0.84214369,  0.16342261, -0.04055948],
       [ 0.23389738,  0.36806118, -0.38985094, -0.42194818]]), array([[0.],
       [0.]])), array([[ 0.11769776,  0.15008199, -0.02234491],
       [-0.4097314 , -0.31660781, -0.44639542]]))
a: [[0.11769776 0.15008199 0.        ]
 [0.         0.         0.        ]]
----------------------------------------
output layer:
z: ((array([[0.11769776, 0.15008199, 0.        ],
       [0.        , 0.        , 0.        ]]), array([[-0.10644351, -0.68275238]]), array([[0.]])), array([[-0.01252816, -0.01597525,  0.        ]]))
a: [[0.496868   0.49600627 0.5       ]]
----------------------------------------
[[0.496868   0.49600627 0.5       ]]
-----------------------------------------
-----------------------------------------
dw1 [[ 0.00501908  0.00655908  0.00818103  0.00459784  0.00188965  0.00194329
   0.0007651   0.00414618  0.00368892  0.00411409]
 [ 0.          0.          0.          0.          0.          0.
   0.          0.          0.          0.        ]
 [ 0.0035827   0.00468197  0.00583974  0.00328201  0.00134886  0.00138715
   0.00054614  0.0029596   0.0026332   0.0029367 ]
 [-0.00088918 -0.00116201 -0.00144935 -0.00081455 -0.00033477 -0.00034427
  -0.00013554 -0.00073454 -0.00065353 -0.00072885]]
da3 [[ 0.05355514  0.05364686 -0.05322176]
 [ 0.34351457  0.34410292 -0.34137619]]
db2 [[0.035734]
 [0.      ]]
db1 [[ 0.00818103]
 [ 0.        ]
 [ 0.00583974]
 [-0.00144935]]
da2 [[ 0.01226105  0.01228205  0.        ]
 [-0.04510112 -0.04517837  0.        ]
 [ 0.00875212  0.00876711  0.        ]
 [-0.00217217 -0.00217589  0.        ]]
da1 [[ 0.00983034  0.00984717  0.        ]
 [ 0.00819805  0.00821209  0.        ]
 [-0.00130599 -0.00130823  0.        ]
 [ 0.00220599  0.00220977  0.        ]
 [-0.00664818 -0.00665957  0.        ]
 [-0.00440924 -0.00441679  0.        ]
 [-0.0079324  -0.00794599  0.        ]
 [ 0.00289913  0.0029041   0.        ]
 [ 0.00236088  0.00236493  0.        ]
 [-0.00909812 -0.0091137   0.        ]]
db3 [[-0.16904191]]
dw2 [[0.0168973  0.         0.01266136 0.02842119]
 [0.         0.         0.         0.        ]]
dw3 [[-0.04495263  0.        ]]
-----------------------------------------
Params before update
b2 [[0.]
 [0.]]
b1 [[0.]
 [0.]
 [0.]
 [0.]]
w1 [[ 0.30005046  0.49990885 -0.11642587  0.11876397 -0.37730976 -0.12935357
  -0.14127206  0.48200753  0.1021415  -0.44063713]
 [-0.68884977 -0.33010903  0.05461055  0.10252065  0.2358615  -0.58077861
   0.17849927  0.00806402  0.14963684  0.20845437]
 [ 0.74020898  0.33867525  0.03048957  0.13253172 -0.30137385 -0.33136578
  -0.59314108 -0.43221446  0.20121734 -0.28673025]
 [ 0.15053788  0.41225389  0.06690969  0.18880209 -0.28344607 -0.03541366
   0.46452002 -0.35540786  0.30041808  0.54597245]]
b3 [[0.]]
w3 [[-0.10644351 -0.68275238]]
w2 [[ 0.22894254 -0.84214369  0.16342261 -0.04055948]
 [ 0.23389738  0.36806118 -0.38985094 -0.42194818]]
-----------------------------------------
Params after update
b2 [[-0.000268]
 [ 0.      ]]
b1 [[-6.13577448e-05]
 [ 0.00000000e+00]
 [-4.37980769e-05]
 [ 1.08701426e-05]]
w1 [[ 0.30001281  0.49985966 -0.11648723  0.11872948 -0.37732393 -0.12936814
  -0.1412778   0.48197643  0.10211384 -0.44066798]
 [-0.68884977 -0.33010903  0.05461055  0.10252065  0.2358615  -0.58077861
   0.17849927  0.00806402  0.14963684  0.20845437]
 [ 0.74018211  0.33864014  0.03044577  0.13250711 -0.30138397 -0.33137618
  -0.59314517 -0.43223666  0.20119759 -0.28675228]
 [ 0.15054455  0.41226261  0.06692056  0.1888082  -0.28344356 -0.03541108
   0.46452104 -0.35540235  0.30042299  0.54597791]]
b3 [[0.00126781]]
w3 [[-0.10610637 -0.68275238]]
w2 [[ 0.22881581 -0.84214369  0.16332765 -0.04077264]
 [ 0.23389738  0.36806118 -0.38985094 -0.42194818]]
-----------------------------------------
Cost : 0.697915
====================

